100 data points
2 input variables
1 response variables
  -2.00000000000000000e+00  -2.00000000000000000e+00   3.60900000000000000e+03 
  -2.00000000000000000e+00  -1.55555555555555558e+00   3.09541975308641986e+03 
  -2.00000000000000000e+00  -1.11111111111111116e+00   2.62134567901234595e+03 
  -2.00000000000000000e+00  -6.66666666666666741e-01   2.18677777777777783e+03 
  -2.00000000000000000e+00  -2.22222222222222321e-01   1.79171604938271616e+03 
  -2.00000000000000000e+00   2.22222222222222099e-01   1.43616049382716051e+03 
  -2.00000000000000000e+00   6.66666666666666519e-01   1.12011111111111131e+03 
  -2.00000000000000000e+00   1.11111111111111094e+00   8.43567901234568012e+02 
  -2.00000000000000000e+00   1.55555555555555536e+00   6.06530864197530946e+02 
  -2.00000000000000000e+00   1.99999999999999978e+00   4.09000000000000114e+02 
  -1.55555555555555558e+00  -2.00000000000000000e+00   1.95995259868922426e+03 
  -1.55555555555555558e+00  -1.55555555555555558e+00   1.58683874409388818e+03 
  -1.55555555555555558e+00  -1.11111111111111116e+00   1.25323106233805834e+03 
  -1.55555555555555558e+00  -6.66666666666666741e-01   9.59129553421734613e+02 
  -1.55555555555555558e+00  -2.22222222222222321e-01   7.04534217344917010e+02 
  -1.55555555555555558e+00   2.22222222222222099e-01   4.89445054107605642e+02 
  -1.55555555555555558e+00   6.66666666666666519e-01   3.13862063709800395e+02 
  -1.55555555555555558e+00   1.11111111111111094e+00   1.77785246151501354e+02 
  -1.55555555555555558e+00   1.55555555555555536e+00   8.12146014327084771e+01 
  -1.55555555555555558e+00   1.99999999999999978e+00   2.41501295534217597e+01 
  -1.11111111111111116e+00  -2.00000000000000000e+00   1.05069974089315656e+03 
  -1.11111111111111116e+00  -1.55555555555555558e+00   7.82935680536503696e+02 
  -1.11111111111111116e+00  -1.11111111111111116e+00   5.54677793019356841e+02 
  -1.11111111111111116e+00  -6.66666666666666741e-01   3.65926078341716277e+02 
  -1.11111111111111116e+00  -2.22222222222222321e-01   2.16680536503581834e+02 
  -1.11111111111111116e+00   2.22222222222222099e-01   1.06941167504953555e+02 
  -1.11111111111111116e+00   6.66666666666666519e-01   3.67079713458314600e+01 
  -1.11111111111111116e+00   1.11111111111111094e+00   5.98094802621552279e+00 
  -1.11111111111111116e+00   1.55555555555555536e+00   1.47600975461057562e+01 
  -1.11111111111111116e+00   1.99999999999999978e+00   6.30454199055021576e+01 
  -6.66666666666666741e-01  -2.00000000000000000e+00   6.00308641975308660e+02 
  -6.66666666666666741e-01  -1.55555555555555558e+00   4.02777777777777828e+02 
  -6.66666666666666741e-01  -1.11111111111111116e+00   2.44753086419753146e+02 
  -6.66666666666666741e-01  -6.66666666666666741e-01   1.26234567901234612e+02 
  -6.66666666666666741e-01  -2.22222222222222321e-01   4.72222222222222499e+01 
  -6.66666666666666741e-01   2.22222222222222099e-01   7.71604938271605967e+00 
  -6.66666666666666741e-01   6.66666666666666519e-01   7.71604938271603835e+00 
  -6.66666666666666741e-01   1.11111111111111094e+00   4.72222222222221859e+01 
  -6.66666666666666741e-01   1.55555555555555536e+00   1.26234567901234499e+02 
  -6.66666666666666741e-01   1.99999999999999978e+00   2.44753086419752975e+02 
  -2.22222222222222321e-01  -2.00000000000000000e+00   4.21490778844688350e+02 
  -2.22222222222222321e-01  -1.55555555555555558e+00   2.59076512726718533e+02 
  -2.22222222222222321e-01  -1.11111111111111116e+00   1.36168419448254866e+02 
  -2.22222222222222321e-01  -6.66666666666666741e-01   5.27664990092973838e+01 
  -2.22222222222222321e-01  -2.22222222222222321e-01   8.87075140984606847e+00 
  -2.22222222222222321e-01   2.22222222222222099e-01   4.48117664990092379e+00 
  -2.22222222222222321e-01   6.66666666666666519e-01   3.95977747294619462e+01 
  -2.22222222222222321e-01   1.11111111111111094e+00   1.14220545648529139e+02 
  -2.22222222222222321e-01   1.55555555555555536e+00   2.28349489407102510e+02 
  -2.22222222222222321e-01   1.99999999999999978e+00   3.81984606005182059e+02 
   2.22222222222222099e-01  -2.00000000000000000e+00   4.20601889955799379e+02 
   2.22222222222222099e-01  -1.55555555555555558e+00   2.58187623837829562e+02 
   2.22222222222222099e-01  -1.11111111111111116e+00   1.35279530559365952e+02 
   2.22222222222222099e-01  -6.66666666666666741e-01   5.18776101204084767e+01 
   2.22222222222222099e-01  -2.22222222222222321e-01   7.98186252095717386e+00 
   2.22222222222222099e-01   2.22222222222222099e-01   3.59228776101203851e+00 
   2.22222222222222099e-01   6.66666666666666519e-01   3.87088858405730747e+01 
   2.22222222222222099e-01   1.11111111111111094e+00   1.13331656759640268e+02 
   2.22222222222222099e-01   1.55555555555555536e+00   2.27460600518213653e+02 
   2.22222222222222099e-01   1.99999999999999978e+00   3.81095717116293201e+02 
   6.66666666666666519e-01  -2.00000000000000000e+00   5.97641975308641918e+02 
   6.66666666666666519e-01  -1.55555555555555558e+00   4.00111111111111029e+02 
   6.66666666666666519e-01  -1.11111111111111116e+00   2.42086419753086375e+02 
   6.66666666666666519e-01  -6.66666666666666741e-01   1.23567901234567870e+02 
   6.66666666666666519e-01  -2.22222222222222321e-01   4.45555555555555429e+01 
   6.66666666666666519e-01   2.22222222222222099e-01   5.04938271604937938e+00 
   6.66666666666666519e-01   6.66666666666666519e-01   5.04938271604938471e+00 
   6.66666666666666519e-01   1.11111111111111094e+00   4.45555555555555571e+01 
   6.66666666666666519e-01   1.55555555555555536e+00   1.23567901234567898e+02 
   6.66666666666666519e-01   1.99999999999999978e+00   2.42086419753086403e+02 
   1.11111111111111094e+00  -2.00000000000000000e+00   1.04625529644871176e+03 
   1.11111111111111094e+00  -1.55555555555555558e+00   7.78491236092058898e+02 
   1.11111111111111094e+00  -1.11111111111111116e+00   5.50233348574912156e+02 
   1.11111111111111094e+00  -6.66666666666666741e-01   3.61481633897271649e+02 
   1.11111111111111094e+00  -2.22222222222222321e-01   2.12236092059137235e+02 
   1.11111111111111094e+00   2.22222222222222099e-01   1.02496723060509012e+02 
   1.11111111111111094e+00   6.66666666666666519e-01   3.22635269013869603e+01 
   1.11111111111111094e+00   1.11111111111111094e+00   1.53650358177106616e+00 
   1.11111111111111094e+00   1.55555555555555536e+00   1.03156531016613435e+01 
   1.11111111111111094e+00   1.99999999999999978e+00   5.86009754610577929e+01 
   1.55555555555555536e+00  -2.00000000000000000e+00   1.95373037646700141e+03 
   1.55555555555555536e+00  -1.55555555555555558e+00   1.58061652187166533e+03 
   1.55555555555555536e+00  -1.11111111111111116e+00   1.24700884011583571e+03 
   1.55555555555555536e+00  -6.66666666666666741e-01   9.52907331199511987e+02 
   1.55555555555555536e+00  -2.22222222222222321e-01   6.98311995122694384e+02 
   1.55555555555555536e+00   2.22222222222222099e-01   4.83222831885383130e+02 
   1.55555555555555536e+00   6.66666666666666519e-01   3.07639841487577939e+02 
   1.55555555555555536e+00   1.11111111111111094e+00   1.71563023929278955e+02 
   1.55555555555555536e+00   1.55555555555555536e+00   7.49923792104861349e+01 
   1.55555555555555536e+00   1.99999999999999978e+00   1.79279073311994779e+01 
   1.99999999999999978e+00  -2.00000000000000000e+00   3.60099999999999909e+03 
   1.99999999999999978e+00  -1.55555555555555558e+00   3.08741975308641895e+03 
   1.99999999999999978e+00  -1.11111111111111116e+00   2.61334567901234504e+03 
   1.99999999999999978e+00  -6.66666666666666741e-01   2.17877777777777692e+03 
   1.99999999999999978e+00  -2.22222222222222321e-01   1.78371604938271548e+03 
   1.99999999999999978e+00   2.22222222222222099e-01   1.42816049382715983e+03 
   1.99999999999999978e+00   6.66666666666666519e-01   1.11211111111111063e+03 
   1.99999999999999978e+00   1.11111111111111094e+00   8.35567901234567444e+02 
   1.99999999999999978e+00   1.55555555555555536e+00   5.98530864197530491e+02 
   1.99999999999999978e+00   1.99999999999999978e+00   4.00999999999999716e+02 
