25 data points
2 input variables
1 response variables
  -2.00000000000000000e+00  -2.00000000000000000e+00   8.00000000000000000e+00 
  -2.00000000000000000e+00  -1.00000000000000000e+00   5.00000000000000000e+00 
  -2.00000000000000000e+00   0.00000000000000000e+00   4.00000000000000000e+00 
  -2.00000000000000000e+00   1.00000000000000000e+00   5.00000000000000000e+00 
  -2.00000000000000000e+00   2.00000000000000000e+00   8.00000000000000000e+00 
  -1.00000000000000000e+00  -2.00000000000000000e+00   5.00000000000000000e+00 
  -1.00000000000000000e+00  -1.00000000000000000e+00   2.00000000000000000e+00 
  -1.00000000000000000e+00   0.00000000000000000e+00   1.00000000000000000e+00 
  -1.00000000000000000e+00   1.00000000000000000e+00   2.00000000000000000e+00 
  -1.00000000000000000e+00   2.00000000000000000e+00   5.00000000000000000e+00 
   0.00000000000000000e+00  -2.00000000000000000e+00   4.00000000000000000e+00 
   0.00000000000000000e+00  -1.00000000000000000e+00   1.00000000000000000e+00 
   0.00000000000000000e+00   0.00000000000000000e+00   0.00000000000000000e+00 
   0.00000000000000000e+00   1.00000000000000000e+00   1.00000000000000000e+00 
   0.00000000000000000e+00   2.00000000000000000e+00   4.00000000000000000e+00 
   1.00000000000000000e+00  -2.00000000000000000e+00   5.00000000000000000e+00 
   1.00000000000000000e+00  -1.00000000000000000e+00   2.00000000000000000e+00 
   1.00000000000000000e+00   0.00000000000000000e+00   1.00000000000000000e+00 
   1.00000000000000000e+00   1.00000000000000000e+00   2.00000000000000000e+00 
   1.00000000000000000e+00   2.00000000000000000e+00   5.00000000000000000e+00 
   2.00000000000000000e+00  -2.00000000000000000e+00   8.00000000000000000e+00 
   2.00000000000000000e+00  -1.00000000000000000e+00   5.00000000000000000e+00 
   2.00000000000000000e+00   0.00000000000000000e+00   4.00000000000000000e+00 
   2.00000000000000000e+00   1.00000000000000000e+00   5.00000000000000000e+00 
   2.00000000000000000e+00   2.00000000000000000e+00   8.00000000000000000e+00 
