100 data points
2 input variables
1 response variables
  -2.00000000000000000e+00  -2.00000000000000000e+00   8.00000000000000000e+00 
  -2.00000000000000000e+00  -1.55555555555555558e+00   6.41975308641975317e+00 
  -2.00000000000000000e+00  -1.11111111111111116e+00   5.23456790123456805e+00 
  -2.00000000000000000e+00  -6.66666666666666741e-01   4.44444444444444464e+00 
  -2.00000000000000000e+00  -2.22222222222222321e-01   4.04938271604938294e+00 
  -2.00000000000000000e+00   2.22222222222222099e-01   4.04938271604938294e+00 
  -2.00000000000000000e+00   6.66666666666666519e-01   4.44444444444444464e+00 
  -2.00000000000000000e+00   1.11111111111111094e+00   5.23456790123456717e+00 
  -2.00000000000000000e+00   1.55555555555555536e+00   6.41975308641975229e+00 
  -2.00000000000000000e+00   1.99999999999999978e+00   7.99999999999999911e+00 
  -1.55555555555555558e+00  -2.00000000000000000e+00   6.41975308641975317e+00 
  -1.55555555555555558e+00  -1.55555555555555558e+00   4.83950617283950635e+00 
  -1.55555555555555558e+00  -1.11111111111111116e+00   3.65432098765432123e+00 
  -1.55555555555555558e+00  -6.66666666666666741e-01   2.86419753086419782e+00 
  -1.55555555555555558e+00  -2.22222222222222321e-01   2.46913580246913611e+00 
  -1.55555555555555558e+00   2.22222222222222099e-01   2.46913580246913567e+00 
  -1.55555555555555558e+00   6.66666666666666519e-01   2.86419753086419737e+00 
  -1.55555555555555558e+00   1.11111111111111094e+00   3.65432098765432078e+00 
  -1.55555555555555558e+00   1.55555555555555536e+00   4.83950617283950546e+00 
  -1.55555555555555558e+00   1.99999999999999978e+00   6.41975308641975229e+00 
  -1.11111111111111116e+00  -2.00000000000000000e+00   5.23456790123456805e+00 
  -1.11111111111111116e+00  -1.55555555555555558e+00   3.65432098765432123e+00 
  -1.11111111111111116e+00  -1.11111111111111116e+00   2.46913580246913611e+00 
  -1.11111111111111116e+00  -6.66666666666666741e-01   1.67901234567901270e+00 
  -1.11111111111111116e+00  -2.22222222222222321e-01   1.28395061728395077e+00 
  -1.11111111111111116e+00   2.22222222222222099e-01   1.28395061728395077e+00 
  -1.11111111111111116e+00   6.66666666666666519e-01   1.67901234567901225e+00 
  -1.11111111111111116e+00   1.11111111111111094e+00   2.46913580246913567e+00 
  -1.11111111111111116e+00   1.55555555555555536e+00   3.65432098765432034e+00 
  -1.11111111111111116e+00   1.99999999999999978e+00   5.23456790123456717e+00 
  -6.66666666666666741e-01  -2.00000000000000000e+00   4.44444444444444464e+00 
  -6.66666666666666741e-01  -1.55555555555555558e+00   2.86419753086419782e+00 
  -6.66666666666666741e-01  -1.11111111111111116e+00   1.67901234567901247e+00 
  -6.66666666666666741e-01  -6.66666666666666741e-01   8.88888888888889062e-01 
  -6.66666666666666741e-01  -2.22222222222222321e-01   4.93827160493827300e-01 
  -6.66666666666666741e-01   2.22222222222222099e-01   4.93827160493827189e-01 
  -6.66666666666666741e-01   6.66666666666666519e-01   8.88888888888888729e-01 
  -6.66666666666666741e-01   1.11111111111111094e+00   1.67901234567901203e+00 
  -6.66666666666666741e-01   1.55555555555555536e+00   2.86419753086419693e+00 
  -6.66666666666666741e-01   1.99999999999999978e+00   4.44444444444444375e+00 
  -2.22222222222222321e-01  -2.00000000000000000e+00   4.04938271604938294e+00 
  -2.22222222222222321e-01  -1.55555555555555558e+00   2.46913580246913611e+00 
  -2.22222222222222321e-01  -1.11111111111111116e+00   1.28395061728395077e+00 
  -2.22222222222222321e-01  -6.66666666666666741e-01   4.93827160493827300e-01 
  -2.22222222222222321e-01  -2.22222222222222321e-01   9.87654320987655238e-02 
  -2.22222222222222321e-01   2.22222222222222099e-01   9.87654320987654266e-02 
  -2.22222222222222321e-01   6.66666666666666519e-01   4.93827160493827022e-01 
  -2.22222222222222321e-01   1.11111111111111094e+00   1.28395061728395032e+00 
  -2.22222222222222321e-01   1.55555555555555536e+00   2.46913580246913522e+00 
  -2.22222222222222321e-01   1.99999999999999978e+00   4.04938271604938205e+00 
   2.22222222222222099e-01  -2.00000000000000000e+00   4.04938271604938294e+00 
   2.22222222222222099e-01  -1.55555555555555558e+00   2.46913580246913567e+00 
   2.22222222222222099e-01  -1.11111111111111116e+00   1.28395061728395077e+00 
   2.22222222222222099e-01  -6.66666666666666741e-01   4.93827160493827189e-01 
   2.22222222222222099e-01  -2.22222222222222321e-01   9.87654320987654127e-02 
   2.22222222222222099e-01   2.22222222222222099e-01   9.87654320987653156e-02 
   2.22222222222222099e-01   6.66666666666666519e-01   4.93827160493826911e-01 
   2.22222222222222099e-01   1.11111111111111094e+00   1.28395061728395010e+00 
   2.22222222222222099e-01   1.55555555555555536e+00   2.46913580246913522e+00 
   2.22222222222222099e-01   1.99999999999999978e+00   4.04938271604938205e+00 
   6.66666666666666519e-01  -2.00000000000000000e+00   4.44444444444444464e+00 
   6.66666666666666519e-01  -1.55555555555555558e+00   2.86419753086419737e+00 
   6.66666666666666519e-01  -1.11111111111111116e+00   1.67901234567901225e+00 
   6.66666666666666519e-01  -6.66666666666666741e-01   8.88888888888888840e-01 
   6.66666666666666519e-01  -2.22222222222222321e-01   4.93827160493827022e-01 
   6.66666666666666519e-01   2.22222222222222099e-01   4.93827160493826911e-01 
   6.66666666666666519e-01   6.66666666666666519e-01   8.88888888888888506e-01 
   6.66666666666666519e-01   1.11111111111111094e+00   1.67901234567901181e+00 
   6.66666666666666519e-01   1.55555555555555536e+00   2.86419753086419693e+00 
   6.66666666666666519e-01   1.99999999999999978e+00   4.44444444444444375e+00 
   1.11111111111111094e+00  -2.00000000000000000e+00   5.23456790123456805e+00 
   1.11111111111111094e+00  -1.55555555555555558e+00   3.65432098765432078e+00 
   1.11111111111111094e+00  -1.11111111111111116e+00   2.46913580246913567e+00 
   1.11111111111111094e+00  -6.66666666666666741e-01   1.67901234567901225e+00 
   1.11111111111111094e+00  -2.22222222222222321e-01   1.28395061728395032e+00 
   1.11111111111111094e+00   2.22222222222222099e-01   1.28395061728395032e+00 
   1.11111111111111094e+00   6.66666666666666519e-01   1.67901234567901181e+00 
   1.11111111111111094e+00   1.11111111111111094e+00   2.46913580246913522e+00 
   1.11111111111111094e+00   1.55555555555555536e+00   3.65432098765431990e+00 
   1.11111111111111094e+00   1.99999999999999978e+00   5.23456790123456628e+00 
   1.55555555555555536e+00  -2.00000000000000000e+00   6.41975308641975229e+00 
   1.55555555555555536e+00  -1.55555555555555558e+00   4.83950617283950546e+00 
   1.55555555555555536e+00  -1.11111111111111116e+00   3.65432098765432034e+00 
   1.55555555555555536e+00  -6.66666666666666741e-01   2.86419753086419693e+00 
   1.55555555555555536e+00  -2.22222222222222321e-01   2.46913580246913522e+00 
   1.55555555555555536e+00   2.22222222222222099e-01   2.46913580246913478e+00 
   1.55555555555555536e+00   6.66666666666666519e-01   2.86419753086419648e+00 
   1.55555555555555536e+00   1.11111111111111094e+00   3.65432098765431990e+00 
   1.55555555555555536e+00   1.55555555555555536e+00   4.83950617283950457e+00 
   1.55555555555555536e+00   1.99999999999999978e+00   6.41975308641975140e+00 
   1.99999999999999978e+00  -2.00000000000000000e+00   7.99999999999999911e+00 
   1.99999999999999978e+00  -1.55555555555555558e+00   6.41975308641975229e+00 
   1.99999999999999978e+00  -1.11111111111111116e+00   5.23456790123456717e+00 
   1.99999999999999978e+00  -6.66666666666666741e-01   4.44444444444444375e+00 
   1.99999999999999978e+00  -2.22222222222222321e-01   4.04938271604938205e+00 
   1.99999999999999978e+00   2.22222222222222099e-01   4.04938271604938205e+00 
   1.99999999999999978e+00   6.66666666666666519e-01   4.44444444444444375e+00 
   1.99999999999999978e+00   1.11111111111111094e+00   5.23456790123456628e+00 
   1.99999999999999978e+00   1.55555555555555536e+00   6.41975308641975140e+00 
   1.99999999999999978e+00   1.99999999999999978e+00   7.99999999999999822e+00 
