101 
2 
1 
  -2.00000000000000000e+00  -2.00000000000000000e+00   8.00000000000000000e+00 
  -2.00000000000000000e+00  -1.55555555555555558e+00   2.58166792942788383e+01 
  -2.00000000000000000e+00  -1.11111111111111116e+00   7.57412347004478637e+00 
  -2.00000000000000000e+00  -6.66666666666666741e-01   1.94444444444444393e+01 
  -2.00000000000000000e+00  -2.22222222222222321e-01   1.23129009393800857e+01 
  -2.00000000000000000e+00   2.22222222222222099e-01   1.23129009393800715e+01 
  -2.00000000000000000e+00   6.66666666666666519e-01   1.94444444444444571e+01 
  -2.00000000000000000e+00   1.11111111111111094e+00   7.57412347004478015e+00 
  -2.00000000000000000e+00   1.55555555555555536e+00   2.58166792942788383e+01 
  -2.00000000000000000e+00   1.99999999999999978e+00   7.99999999999999911e+00 
  -1.55555555555555558e+00  -2.00000000000000000e+00   2.58166792942788383e+01 
  -1.55555555555555558e+00  -1.55555555555555558e+00   4.36333585885576767e+01 
  -1.55555555555555558e+00  -1.11111111111111116e+00   2.53908027643236238e+01 
  -1.55555555555555558e+00  -6.66666666666666741e-01   3.72611237387232777e+01 
  -1.55555555555555558e+00  -2.22222222222222321e-01   3.01295802336589240e+01 
  -1.55555555555555558e+00   2.22222222222222099e-01   3.01295802336589098e+01 
  -1.55555555555555558e+00   6.66666666666666519e-01   3.72611237387232919e+01 
  -1.55555555555555558e+00   1.11111111111111094e+00   2.53908027643236203e+01 
  -1.55555555555555558e+00   1.55555555555555536e+00   4.36333585885576767e+01 
  -1.55555555555555558e+00   1.99999999999999978e+00   2.58166792942788383e+01 
  -1.11111111111111116e+00  -2.00000000000000000e+00   7.57412347004478637e+00 
  -1.11111111111111116e+00  -1.55555555555555558e+00   2.53908027643236274e+01 
  -1.11111111111111116e+00  -1.11111111111111116e+00   7.14824694008957273e+00 
  -1.11111111111111116e+00  -6.66666666666666741e-01   1.90185679144892283e+01 
  -1.11111111111111116e+00  -2.22222222222222321e-01   1.18870244094248712e+01 
  -1.11111111111111116e+00   2.22222222222222099e-01   1.18870244094248587e+01 
  -1.11111111111111116e+00   6.66666666666666519e-01   1.90185679144892426e+01 
  -1.11111111111111116e+00   1.11111111111111094e+00   7.14824694008956651e+00 
  -1.11111111111111116e+00   1.55555555555555536e+00   2.53908027643236238e+01 
  -1.11111111111111116e+00   1.99999999999999978e+00   7.57412347004478548e+00 
  -6.66666666666666741e-01  -2.00000000000000000e+00   1.94444444444444429e+01 
  -6.66666666666666741e-01  -1.55555555555555558e+00   3.72611237387232777e+01 
  -6.66666666666666741e-01  -1.11111111111111116e+00   1.90185679144892283e+01 
  -6.66666666666666741e-01  -6.66666666666666741e-01   3.08888888888888822e+01 
  -6.66666666666666741e-01  -2.22222222222222321e-01   2.37573453838245250e+01 
  -6.66666666666666741e-01   2.22222222222222099e-01   2.37573453838245143e+01 
  -6.66666666666666741e-01   6.66666666666666519e-01   3.08888888888888964e+01 
  -6.66666666666666741e-01   1.11111111111111094e+00   1.90185679144892212e+01 
  -6.66666666666666741e-01   1.55555555555555536e+00   3.72611237387232777e+01 
  -6.66666666666666741e-01   1.99999999999999978e+00   1.94444444444444393e+01 
  -2.22222222222222321e-01  -2.00000000000000000e+00   1.23129009393800857e+01 
  -2.22222222222222321e-01  -1.55555555555555558e+00   3.01295802336589240e+01 
  -2.22222222222222321e-01  -1.11111111111111116e+00   1.18870244094248729e+01 
  -2.22222222222222321e-01  -6.66666666666666741e-01   2.37573453838245250e+01 
  -2.22222222222222321e-01  -2.22222222222222321e-01   1.66258018787601713e+01 
  -2.22222222222222321e-01   2.22222222222222099e-01   1.66258018787601571e+01 
  -2.22222222222222321e-01   6.66666666666666519e-01   2.37573453838245428e+01 
  -2.22222222222222321e-01   1.11111111111111094e+00   1.18870244094248658e+01 
  -2.22222222222222321e-01   1.55555555555555536e+00   3.01295802336589240e+01 
  -2.22222222222222321e-01   1.99999999999999978e+00   1.23129009393800857e+01 
   2.22222222222222099e-01  -2.00000000000000000e+00   1.23129009393800715e+01 
   2.22222222222222099e-01  -1.55555555555555558e+00   3.01295802336589098e+01 
   2.22222222222222099e-01  -1.11111111111111116e+00   1.18870244094248587e+01 
   2.22222222222222099e-01  -6.66666666666666741e-01   2.37573453838245108e+01 
   2.22222222222222099e-01  -2.22222222222222321e-01   1.66258018787601571e+01 
   2.22222222222222099e-01   2.22222222222222099e-01   1.66258018787601429e+01 
   2.22222222222222099e-01   6.66666666666666519e-01   2.37573453838245285e+01 
   2.22222222222222099e-01   1.11111111111111094e+00   1.18870244094248516e+01 
   2.22222222222222099e-01   1.55555555555555536e+00   3.01295802336589098e+01 
   2.22222222222222099e-01   1.99999999999999978e+00   1.23129009393800715e+01 
   6.66666666666666519e-01  -2.00000000000000000e+00   1.94444444444444571e+01 
   6.66666666666666519e-01  -1.55555555555555558e+00   3.72611237387232919e+01 
   6.66666666666666519e-01  -1.11111111111111116e+00   1.90185679144892426e+01 
   6.66666666666666519e-01  -6.66666666666666741e-01   3.08888888888888964e+01 
   6.66666666666666519e-01  -2.22222222222222321e-01   2.37573453838245392e+01 
   6.66666666666666519e-01   2.22222222222222099e-01   2.37573453838245285e+01 
   6.66666666666666519e-01   6.66666666666666519e-01   3.08888888888889106e+01 
   6.66666666666666519e-01   1.11111111111111094e+00   1.90185679144892354e+01 
   6.66666666666666519e-01   1.55555555555555536e+00   3.72611237387232919e+01 
   6.66666666666666519e-01   1.99999999999999978e+00   1.94444444444444535e+01 
   1.11111111111111094e+00  -2.00000000000000000e+00   7.57412347004478015e+00 
   1.11111111111111094e+00  -1.55555555555555558e+00   2.53908027643236203e+01 
   1.11111111111111094e+00  -1.11111111111111116e+00   7.14824694008956740e+00 
   1.11111111111111094e+00  -6.66666666666666741e-01   1.90185679144892212e+01 
   1.11111111111111094e+00  -2.22222222222222321e-01   1.18870244094248658e+01 
   1.11111111111111094e+00   2.22222222222222099e-01   1.18870244094248516e+01 
   1.11111111111111094e+00   6.66666666666666519e-01   1.90185679144892354e+01 
   1.11111111111111094e+00   1.11111111111111094e+00   7.14824694008956119e+00 
   1.11111111111111094e+00   1.55555555555555536e+00   2.53908027643236203e+01 
   1.11111111111111094e+00   1.99999999999999978e+00   7.57412347004478015e+00 
   1.55555555555555536e+00  -2.00000000000000000e+00   2.58166792942788383e+01 
   1.55555555555555536e+00  -1.55555555555555558e+00   4.36333585885576767e+01 
   1.55555555555555536e+00  -1.11111111111111116e+00   2.53908027643236238e+01 
   1.55555555555555536e+00  -6.66666666666666741e-01   3.72611237387232777e+01 
   1.55555555555555536e+00  -2.22222222222222321e-01   3.01295802336589240e+01 
   1.55555555555555536e+00   2.22222222222222099e-01   3.01295802336589098e+01 
   1.55555555555555536e+00   6.66666666666666519e-01   3.72611237387232919e+01 
   1.55555555555555536e+00   1.11111111111111094e+00   2.53908027643236203e+01 
   1.55555555555555536e+00   1.55555555555555536e+00   4.36333585885576767e+01 
   1.55555555555555536e+00   1.99999999999999978e+00   2.58166792942788383e+01 
   1.99999999999999978e+00  -2.00000000000000000e+00   7.99999999999999911e+00 
   1.99999999999999978e+00  -1.55555555555555558e+00   2.58166792942788383e+01 
   1.99999999999999978e+00  -1.11111111111111116e+00   7.57412347004478548e+00 
   1.99999999999999978e+00  -6.66666666666666741e-01   1.94444444444444393e+01 
   1.99999999999999978e+00  -2.22222222222222321e-01   1.23129009393800839e+01 
   1.99999999999999978e+00   2.22222222222222099e-01   1.23129009393800715e+01 
   1.99999999999999978e+00   6.66666666666666519e-01   1.94444444444444535e+01 
   1.99999999999999978e+00   1.11111111111111094e+00   7.57412347004477926e+00 
   1.99999999999999978e+00   1.55555555555555536e+00   2.58166792942788383e+01 
   1.99999999999999978e+00   1.99999999999999978e+00   7.99999999999999822e+00 
